30
31
32
33
34
35
36
37
38
39
70
71
72
73
74
75
76
77
78
79
110
111
112
113
114
115
116
117
118
119
150
151
152
153
154
155
156
157
158
159
190
191
192
193
194
195
196
197
198
199
230
231
232
233
234
235
236
237
238
239
270
271
272
273
274
275
276
277
278
279
310
311
312
313
314
315
316
317
318
319
350
351
352
353
354
355
356
357
358
359
390
391
392
393
394
395
396
397
398
399
430
431
432
433
434
435
436
437
438
439
470
471
472
473
474
475
476
477
478
479
510
511
512
513
514
515
516
517
518
519
550
551
552
553
554
555
556
557
558
559
590
591
592
593
594
595
596
597
598
599
630
631
632
633
634
635
636
637
638
639
670
671
672
673
674
675
676
677
678
679
710
711
712
713
714
715
716
717
718
719
750
751
752
753
754
755
756
757
758
759
790
791
792
793
794
795
796
797
798
799
830
831
832
843
844
845
846
847
848
849
850
851
852
883
884
885
886
887
888
889
890
891
892
923
924
925
926
927
928
929
930
931
932
963
964
965
966
967
968
969
970
971
972
1003
1004
1005
1006
1007
1008
1009
1010
1011
1012
1043
1044
1045
1046
1047
1048
1049
1050
1051
1052
1083
1084
1085
1086
1087
1088
1089
1090
1091
1092
1123
1124
1125
1126
1127
1128
1129
1130
1131
1132
1163
1164
1165
1166
1167
1168
1169
1170
1171
1172
1203
1204
1205
1206
1207
1208
1209
1210
1211
1212
1243
1244
1245
1246
1247
1248
1249
1250
1251
1252
1283
1284
1285
1286
1287
1288
1289
1290
1291
1292
1323
1324
1325
1326
1327
1328
1329
1330
1331
1332
1363
1364
1365
1366
1367
1368
1369
1370
1371
1372
1403
1404
1405
1406
1407
1408
1409
1410
1411
1412
1443
1444
1445
1446
1447
1448
1449
1450
1451
1452
1483
1484
1485
1486
1487
1488
1489
1490
1491
1492
1523
1524
1525
1526
1527
1528
1529
1530
1531
1532
1563
1564
1565
1566
1567
1568
1569
1570
1571
1572
1603
1604
1605
1606
1607
1608
1609
1610
1611
1612
1643
1644
1645
1646
1647
1648
1649
1650
1651
1652
1686
1687
1688
1689
1690
1691
1692
1693
1694
1695
1726
1727
1728
1729
1730
1731
1732
1733
1734
1735
1766
1767
1768
1769
1770
1771
1772
1773
1774
1775
1806
1807
1808
1809
1810
1811
1812
1813
1814
1815
1846
1847
1848
1849
1850
1851
1852
1853
1854
1855
1886
1887
1888
1889
1890
1891
1892
1893
1894
1895
1926
1927
1928
1929
1930
1931
1932
1933
1934
1935
1966
1967
1968
1969
1970
1971
1972
1973
1974
1975
2006
2007
2008
2009
2010
2011
2012
2013
2014
2015
2046
2047
2048
2049
2050
2051
2052
2053
2054
2055
2086
2087
2088
2089
2090
2091
2092
2093
2094
2095
2126
2127
2128
2129
2130
2131
2132
2133
2134
2135
2166
2167
2168
2169
2170
2171
2172
2173
2174
2175
2206
2207
2208
2209
2210
2211
2212
2213
2214
2215
2246
2247
2248
2249
2250
2251
2252
2253
2254
2255
2286
2287
2288
2289
2290
2291
2292
2293
2294
2295
2326
2327
2328
2329
2330
2331
2332
2333
2334
2335
2366
2367
2368
2369
2370
2371
2372
2373
2374
2375
2406
2407
2408
2409
2410
2411
2412
2413
2414
2415
2446
2447
2448
2449
2450
2451
2452
2453
2454
2455
2486
2487
2488
2489
2490
2491
2492
2493
2494
2495
2519
2520
2521
2522
2523
2524
2525
2526
2527
2528
2559
2560
2561
2562
2563
2564
2565
2566
2567
2568
2599
2600
2601
2602
2603
2604
2605
2606
2607
2608
2639
2640
2641
2642
2643
2644
2645
2646
2647
2648
2679
2680
2681
2682
2683
2684
2685
2686
2687
2688
2719
2720
2721
2722
2723
2724
2725
2726
2727
2728
2759
2760
2761
2762
2763
2764
2765
2766
2767
2768
2799
2800
2801
2802
2803
2804
2805
2806
2807
2808
2839
2840
2841
2842
2843
2844
2845
2846
2847
2848
2879
2880
2881
2882
2883
2884
2885
2886
2887
2888
2919
2920
2921
2922
2923
2924
2925
2926
2927
2928
2959
2960
2961
2962
2963
2964
2965
2966
2967
2968
2999
3000
3001
3002
3003
3004
3005
3006
3007
3008
3039
3040
3041
3042
3043
3044
3045
3046
3047
3048
3079
3080
3081
3082
3083
3084
3085
3086
3087
3088
3119
3120
3121
3122
3123
3124
3125
3126
3127
3128
3159
3160
3161
3162
3163
3164
3165
3166
3167
3168
3199
3200
3201
3202
3203
3204
3205
3206
3207
3208
3239
3240
3241
3242
3243
3244
3245
3246
3247
3248
3279
3280
3281
3282
3283
3284
3285
3286
3287
3288
3319
3320
3321
3322
3323
3324
3325
3326
3327
3328
3332
3333
3334
3335
3336
3337
3338
3339
3340
3341
3372
3373
3374
3375
3376
3377
3378
3379
3380
3381
3412
3413
3414
3415
3416
3417
3418
3419
3420
3421
3452
3453
3454
3455
3456
3457
3458
3459
3460
3461
3492
3493
3494
3495
3496
3497
3498
3499
3500
3501
3532
3533
3534
3535
3536
3537
3538
3539
3540
3541
3572
3573
3574
3575
3576
3577
3578
3579
3580
3581
3612
3613
3614
3615
3616
3617
3618
3619
3620
3621
3652
3653
3654
3655
3656
3657
3658
3659
3660
3661
3692
3693
3694
3695
3696
3697
3698
3699
3700
3701
3732
3733
3734
3735
3736
3737
3738
3739
3740
3741
3772
3773
3774
3775
3776
3777
3778
3779
3780
3781
3812
3813
3814
3815
3816
3817
3818
3819
3820
3821
3852
3853
3854
3855
3856
3857
3858
3859
3860
3861
3892
3893
3894
3895
3896
3897
3898
3899
3900
3901
3932
3933
3934
3935
3936
3937
3938
3939
3940
3941
3972
3973
3974
3975
3976
3977
3978
3979
3980
3981
4012
4013
4014
4015
4016
4017
4018
4019
4020
4021
4052
4053
4054
4055
4056
4057
4058
4059
4060
4061
4092
4093
4094
4095
4096
4097
4098
4099
4100
4101
4132
4133
4134
4135
4136
4137
4138
4139
4140
4141
4175
4176
4177
4178
4179
4180
4181
4182
4183
4184
4215
4216
4217
4218
4219
4220
4221
4222
4223
4224
4255
4256
4257
4258
4259
4260
4261
4262
4263
4264
4295
4296
4297
4298
4299
4300
4301
4302
4303
4304
4335
4336
4337
4338
4339
4340
4341
4342
4343
4344
4375
4376
4377
4378
4379
4380
4381
4382
4383
4384
4415
4416
4417
4418
4419
4420
4421
4422
4423
4424
4455
4456
4457
4458
4459
4460
4461
4462
4463
4464
4495
4496
4497
4498
4499
4500
4501
4502
4503
4504
4535
4536
4537
4538
4539
4540
4541
4542
4543
4544
4575
4576
4577
4578
4579
4580
4581
4582
4583
4584
4615
4616
4617
4618
4619
4620
4621
4622
4623
4624
4655
4656
4657
4658
4659
4660
4661
4662
4663
4664
4695
4696
4697
4698
4699
4700
4701
4702
4703
4704
4735
4736
4737
4738
4739
4740
4741
4742
4743
4744
4775
4776
4777
4778
4779
4780
4781
4782
4783
4784
4815
4816
4817
4818
4819
4820
4821
4822
4823
4824
4855
4856
4857
4858
4859
4860
4861
4862
4863
4864
4895
4896
4897
4898
4899
4900
4901
4902
4903
4904
4935
4936
4937
4938
4939
4940
4941
4942
4943
4944
4975
4976
4977
4978
4979
4980
4981
4982
4983
4984
