10
11
12
13
14
15
16
17
18
19
50
51
52
53
54
55
56
57
58
59
90
91
92
93
94
95
96
97
98
99
130
131
132
133
134
135
136
137
138
139
170
171
172
173
174
175
176
177
178
179
210
211
212
213
214
215
216
217
218
219
250
251
252
253
254
255
256
257
258
259
290
291
292
293
294
295
296
297
298
299
330
331
332
333
334
335
336
337
338
339
370
371
372
373
374
375
376
377
378
379
410
411
412
413
414
415
416
417
418
419
450
451
452
453
454
455
456
457
458
459
490
491
492
493
494
495
496
497
498
499
530
531
532
533
534
535
536
537
538
539
570
571
572
573
574
575
576
577
578
579
610
611
612
613
614
615
616
617
618
619
650
651
652
653
654
655
656
657
658
659
690
691
692
693
694
695
696
697
698
699
730
731
732
733
734
735
736
737
738
739
770
771
772
773
774
775
776
777
778
779
810
811
812
813
814
815
816
817
818
819
863
864
865
866
867
868
869
870
871
872
903
904
905
906
907
908
909
910
911
912
943
944
945
946
947
948
949
950
951
952
983
984
985
986
987
988
989
990
991
992
1023
1024
1025
1026
1027
1028
1029
1030
1031
1032
1063
1064
1065
1066
1067
1068
1069
1070
1071
1072
1103
1104
1105
1106
1107
1108
1109
1110
1111
1112
1143
1144
1145
1146
1147
1148
1149
1150
1151
1152
1183
1184
1185
1186
1187
1188
1189
1190
1191
1192
1223
1224
1225
1226
1227
1228
1229
1230
1231
1232
1263
1264
1265
1266
1267
1268
1269
1270
1271
1272
1303
1304
1305
1306
1307
1308
1309
1310
1311
1312
1343
1344
1345
1346
1347
1348
1349
1350
1351
1352
1383
1384
1385
1386
1387
1388
1389
1390
1391
1392
1423
1424
1425
1426
1427
1428
1429
1430
1431
1432
1463
1464
1465
1466
1467
1468
1469
1470
1471
1472
1503
1504
1505
1506
1507
1508
1509
1510
1511
1512
1543
1544
1545
1546
1547
1548
1549
1550
1551
1552
1583
1584
1585
1586
1587
1588
1589
1590
1591
1592
1623
1624
1625
1626
1627
1628
1629
1630
1631
1632
1663
1664
1665
1666
1667
1668
1669
1670
1671
1672
1673
1674
1675
1706
1707
1708
1709
1710
1711
1712
1713
1714
1715
1746
1747
1748
1749
1750
1751
1752
1753
1754
1755
1786
1787
1788
1789
1790
1791
1792
1793
1794
1795
1826
1827
1828
1829
1830
1831
1832
1833
1834
1835
1866
1867
1868
1869
1870
1871
1872
1873
1874
1875
1906
1907
1908
1909
1910
1911
1912
1913
1914
1915
1946
1947
1948
1949
1950
1951
1952
1953
1954
1955
1986
1987
1988
1989
1990
1991
1992
1993
1994
1995
2026
2027
2028
2029
2030
2031
2032
2033
2034
2035
2066
2067
2068
2069
2070
2071
2072
2073
2074
2075
2106
2107
2108
2109
2110
2111
2112
2113
2114
2115
2146
2147
2148
2149
2150
2151
2152
2153
2154
2155
2186
2187
2188
2189
2190
2191
2192
2193
2194
2195
2226
2227
2228
2229
2230
2231
2232
2233
2234
2235
2266
2267
2268
2269
2270
2271
2272
2273
2274
2275
2306
2307
2308
2309
2310
2311
2312
2313
2314
2315
2346
2347
2348
2349
2350
2351
2352
2353
2354
2355
2386
2387
2388
2389
2390
2391
2392
2393
2394
2395
2426
2427
2428
2429
2430
2431
2432
2433
2434
2435
2466
2467
2468
2469
2470
2471
2472
2473
2474
2475
2499
2500
2501
2502
2503
2504
2505
2506
2507
2508
2539
2540
2541
2542
2543
2544
2545
2546
2547
2548
2579
2580
2581
2582
2583
2584
2585
2586
2587
2588
2619
2620
2621
2622
2623
2624
2625
2626
2627
2628
2659
2660
2661
2662
2663
2664
2665
2666
2667
2668
2699
2700
2701
2702
2703
2704
2705
2706
2707
2708
2739
2740
2741
2742
2743
2744
2745
2746
2747
2748
2779
2780
2781
2782
2783
2784
2785
2786
2787
2788
2819
2820
2821
2822
2823
2824
2825
2826
2827
2828
2859
2860
2861
2862
2863
2864
2865
2866
2867
2868
2899
2900
2901
2902
2903
2904
2905
2906
2907
2908
2939
2940
2941
2942
2943
2944
2945
2946
2947
2948
2979
2980
2981
2982
2983
2984
2985
2986
2987
2988
3019
3020
3021
3022
3023
3024
3025
3026
3027
3028
3059
3060
3061
3062
3063
3064
3065
3066
3067
3068
3099
3100
3101
3102
3103
3104
3105
3106
3107
3108
3139
3140
3141
3142
3143
3144
3145
3146
3147
3148
3179
3180
3181
3182
3183
3184
3185
3186
3187
3188
3219
3220
3221
3222
3223
3224
3225
3226
3227
3228
3259
3260
3261
3262
3263
3264
3265
3266
3267
3268
3299
3300
3301
3302
3303
3304
3305
3306
3307
3308
3352
3353
3354
3355
3356
3357
3358
3359
3360
3361
3392
3393
3394
3395
3396
3397
3398
3399
3400
3401
3432
3433
3434
3435
3436
3437
3438
3439
3440
3441
3472
3473
3474
3475
3476
3477
3478
3479
3480
3481
3512
3513
3514
3515
3516
3517
3518
3519
3520
3521
3552
3553
3554
3555
3556
3557
3558
3559
3560
3561
3592
3593
3594
3595
3596
3597
3598
3599
3600
3601
3632
3633
3634
3635
3636
3637
3638
3639
3640
3641
3672
3673
3674
3675
3676
3677
3678
3679
3680
3681
3712
3713
3714
3715
3716
3717
3718
3719
3720
3721
3752
3753
3754
3755
3756
3757
3758
3759
3760
3761
3792
3793
3794
3795
3796
3797
3798
3799
3800
3801
3832
3833
3834
3835
3836
3837
3838
3839
3840
3841
3872
3873
3874
3875
3876
3877
3878
3879
3880
3881
3912
3913
3914
3915
3916
3917
3918
3919
3920
3921
3952
3953
3954
3955
3956
3957
3958
3959
3960
3961
3992
3993
3994
3995
3996
3997
3998
3999
4000
4001
4032
4033
4034
4035
4036
4037
4038
4039
4040
4041
4072
4073
4074
4075
4076
4077
4078
4079
4080
4081
4112
4113
4114
4115
4116
4117
4118
4119
4120
4121
4152
4153
4154
4155
4156
4157
4158
4159
4160
4161
4195
4196
4197
4198
4199
4200
4201
4202
4203
4204
4235
4236
4237
4238
4239
4240
4241
4242
4243
4244
4275
4276
4277
4278
4279
4280
4281
4282
4283
4284
4315
4316
4317
4318
4319
4320
4321
4322
4323
4324
4355
4356
4357
4358
4359
4360
4361
4362
4363
4364
4395
4396
4397
4398
4399
4400
4401
4402
4403
4404
4435
4436
4437
4438
4439
4440
4441
4442
4443
4444
4475
4476
4477
4478
4479
4480
4481
4482
4483
4484
4515
4516
4517
4518
4519
4520
4521
4522
4523
4524
4555
4556
4557
4558
4559
4560
4561
4562
4563
4564
4595
4596
4597
4598
4599
4600
4601
4602
4603
4604
4635
4636
4637
4638
4639
4640
4641
4642
4643
4644
4675
4676
4677
4678
4679
4680
4681
4682
4683
4684
4715
4716
4717
4718
4719
4720
4721
4722
4723
4724
4755
4756
4757
4758
4759
4760
4761
4762
4763
4764
4795
4796
4797
4798
4799
4800
4801
4802
4803
4804
4835
4836
4837
4838
4839
4840
4841
4842
4843
4844
4875
4876
4877
4878
4879
4880
4881
4882
4883
4884
4915
4916
4917
4918
4919
4920
4921
4922
4923
4924
4955
4956
4957
4958
4959
4960
4961
4962
4963
4964
4995
4996
4997
4998
4999
