0
1
2
3
4
5
6
7
8
9
40
41
42
43
44
45
46
47
48
49
80
81
82
83
84
85
86
87
88
89
120
121
122
123
124
125
126
127
128
129
160
161
162
163
164
165
166
167
168
169
200
201
202
203
204
205
206
207
208
209
240
241
242
243
244
245
246
247
248
249
280
281
282
283
284
285
286
287
288
289
320
321
322
323
324
325
326
327
328
329
360
361
362
363
364
365
366
367
368
369
400
401
402
403
404
405
406
407
408
409
440
441
442
443
444
445
446
447
448
449
480
481
482
483
484
485
486
487
488
489
520
521
522
523
524
525
526
527
528
529
560
561
562
563
564
565
566
567
568
569
600
601
602
603
604
605
606
607
608
609
640
641
642
643
644
645
646
647
648
649
680
681
682
683
684
685
686
687
688
689
720
721
722
723
724
725
726
727
728
729
760
761
762
763
764
765
766
767
768
769
800
801
802
803
804
805
806
807
808
809
853
854
855
856
857
858
859
860
861
862
893
894
895
896
897
898
899
900
901
902
933
934
935
936
937
938
939
940
941
942
973
974
975
976
977
978
979
980
981
982
1013
1014
1015
1016
1017
1018
1019
1020
1021
1022
1053
1054
1055
1056
1057
1058
1059
1060
1061
1062
1093
1094
1095
1096
1097
1098
1099
1100
1101
1102
1133
1134
1135
1136
1137
1138
1139
1140
1141
1142
1173
1174
1175
1176
1177
1178
1179
1180
1181
1182
1213
1214
1215
1216
1217
1218
1219
1220
1221
1222
1253
1254
1255
1256
1257
1258
1259
1260
1261
1262
1293
1294
1295
1296
1297
1298
1299
1300
1301
1302
1333
1334
1335
1336
1337
1338
1339
1340
1341
1342
1373
1374
1375
1376
1377
1378
1379
1380
1381
1382
1413
1414
1415
1416
1417
1418
1419
1420
1421
1422
1453
1454
1455
1456
1457
1458
1459
1460
1461
1462
1493
1494
1495
1496
1497
1498
1499
1500
1501
1502
1533
1534
1535
1536
1537
1538
1539
1540
1541
1542
1573
1574
1575
1576
1577
1578
1579
1580
1581
1582
1613
1614
1615
1616
1617
1618
1619
1620
1621
1622
1653
1654
1655
1656
1657
1658
1659
1660
1661
1662
1696
1697
1698
1699
1700
1701
1702
1703
1704
1705
1736
1737
1738
1739
1740
1741
1742
1743
1744
1745
1776
1777
1778
1779
1780
1781
1782
1783
1784
1785
1816
1817
1818
1819
1820
1821
1822
1823
1824
1825
1856
1857
1858
1859
1860
1861
1862
1863
1864
1865
1896
1897
1898
1899
1900
1901
1902
1903
1904
1905
1936
1937
1938
1939
1940
1941
1942
1943
1944
1945
1976
1977
1978
1979
1980
1981
1982
1983
1984
1985
2016
2017
2018
2019
2020
2021
2022
2023
2024
2025
2056
2057
2058
2059
2060
2061
2062
2063
2064
2065
2096
2097
2098
2099
2100
2101
2102
2103
2104
2105
2136
2137
2138
2139
2140
2141
2142
2143
2144
2145
2176
2177
2178
2179
2180
2181
2182
2183
2184
2185
2216
2217
2218
2219
2220
2221
2222
2223
2224
2225
2256
2257
2258
2259
2260
2261
2262
2263
2264
2265
2296
2297
2298
2299
2300
2301
2302
2303
2304
2305
2336
2337
2338
2339
2340
2341
2342
2343
2344
2345
2376
2377
2378
2379
2380
2381
2382
2383
2384
2385
2416
2417
2418
2419
2420
2421
2422
2423
2424
2425
2456
2457
2458
2459
2460
2461
2462
2463
2464
2465
2496
2497
2498
2529
2530
2531
2532
2533
2534
2535
2536
2537
2538
2569
2570
2571
2572
2573
2574
2575
2576
2577
2578
2609
2610
2611
2612
2613
2614
2615
2616
2617
2618
2649
2650
2651
2652
2653
2654
2655
2656
2657
2658
2689
2690
2691
2692
2693
2694
2695
2696
2697
2698
2729
2730
2731
2732
2733
2734
2735
2736
2737
2738
2769
2770
2771
2772
2773
2774
2775
2776
2777
2778
2809
2810
2811
2812
2813
2814
2815
2816
2817
2818
2849
2850
2851
2852
2853
2854
2855
2856
2857
2858
2889
2890
2891
2892
2893
2894
2895
2896
2897
2898
2929
2930
2931
2932
2933
2934
2935
2936
2937
2938
2969
2970
2971
2972
2973
2974
2975
2976
2977
2978
3009
3010
3011
3012
3013
3014
3015
3016
3017
3018
3049
3050
3051
3052
3053
3054
3055
3056
3057
3058
3089
3090
3091
3092
3093
3094
3095
3096
3097
3098
3129
3130
3131
3132
3133
3134
3135
3136
3137
3138
3169
3170
3171
3172
3173
3174
3175
3176
3177
3178
3209
3210
3211
3212
3213
3214
3215
3216
3217
3218
3249
3250
3251
3252
3253
3254
3255
3256
3257
3258
3289
3290
3291
3292
3293
3294
3295
3296
3297
3298
3329
3330
3331
3342
3343
3344
3345
3346
3347
3348
3349
3350
3351
3382
3383
3384
3385
3386
3387
3388
3389
3390
3391
3422
3423
3424
3425
3426
3427
3428
3429
3430
3431
3462
3463
3464
3465
3466
3467
3468
3469
3470
3471
3502
3503
3504
3505
3506
3507
3508
3509
3510
3511
3542
3543
3544
3545
3546
3547
3548
3549
3550
3551
3582
3583
3584
3585
3586
3587
3588
3589
3590
3591
3622
3623
3624
3625
3626
3627
3628
3629
3630
3631
3662
3663
3664
3665
3666
3667
3668
3669
3670
3671
3702
3703
3704
3705
3706
3707
3708
3709
3710
3711
3742
3743
3744
3745
3746
3747
3748
3749
3750
3751
3782
3783
3784
3785
3786
3787
3788
3789
3790
3791
3822
3823
3824
3825
3826
3827
3828
3829
3830
3831
3862
3863
3864
3865
3866
3867
3868
3869
3870
3871
3902
3903
3904
3905
3906
3907
3908
3909
3910
3911
3942
3943
3944
3945
3946
3947
3948
3949
3950
3951
3982
3983
3984
3985
3986
3987
3988
3989
3990
3991
4022
4023
4024
4025
4026
4027
4028
4029
4030
4031
4062
4063
4064
4065
4066
4067
4068
4069
4070
4071
4102
4103
4104
4105
4106
4107
4108
4109
4110
4111
4142
4143
4144
4145
4146
4147
4148
4149
4150
4151
4185
4186
4187
4188
4189
4190
4191
4192
4193
4194
4225
4226
4227
4228
4229
4230
4231
4232
4233
4234
4265
4266
4267
4268
4269
4270
4271
4272
4273
4274
4305
4306
4307
4308
4309
4310
4311
4312
4313
4314
4345
4346
4347
4348
4349
4350
4351
4352
4353
4354
4385
4386
4387
4388
4389
4390
4391
4392
4393
4394
4425
4426
4427
4428
4429
4430
4431
4432
4433
4434
4465
4466
4467
4468
4469
4470
4471
4472
4473
4474
4505
4506
4507
4508
4509
4510
4511
4512
4513
4514
4545
4546
4547
4548
4549
4550
4551
4552
4553
4554
4585
4586
4587
4588
4589
4590
4591
4592
4593
4594
4625
4626
4627
4628
4629
4630
4631
4632
4633
4634
4665
4666
4667
4668
4669
4670
4671
4672
4673
4674
4705
4706
4707
4708
4709
4710
4711
4712
4713
4714
4745
4746
4747
4748
4749
4750
4751
4752
4753
4754
4785
4786
4787
4788
4789
4790
4791
4792
4793
4794
4825
4826
4827
4828
4829
4830
4831
4832
4833
4834
4865
4866
4867
4868
4869
4870
4871
4872
4873
4874
4905
4906
4907
4908
4909
4910
4911
4912
4913
4914
4945
4946
4947
4948
4949
4950
4951
4952
4953
4954
4985
4986
4987
4988
4989
4990
4991
4992
4993
4994
