20
21
22
23
24
25
26
27
28
29
60
61
62
63
64
65
66
67
68
69
100
101
102
103
104
105
106
107
108
109
140
141
142
143
144
145
146
147
148
149
180
181
182
183
184
185
186
187
188
189
220
221
222
223
224
225
226
227
228
229
260
261
262
263
264
265
266
267
268
269
300
301
302
303
304
305
306
307
308
309
340
341
342
343
344
345
346
347
348
349
380
381
382
383
384
385
386
387
388
389
420
421
422
423
424
425
426
427
428
429
460
461
462
463
464
465
466
467
468
469
500
501
502
503
504
505
506
507
508
509
540
541
542
543
544
545
546
547
548
549
580
581
582
583
584
585
586
587
588
589
620
621
622
623
624
625
626
627
628
629
660
661
662
663
664
665
666
667
668
669
700
701
702
703
704
705
706
707
708
709
740
741
742
743
744
745
746
747
748
749
780
781
782
783
784
785
786
787
788
789
820
821
822
823
824
825
826
827
828
829
833
834
835
836
837
838
839
840
841
842
873
874
875
876
877
878
879
880
881
882
913
914
915
916
917
918
919
920
921
922
953
954
955
956
957
958
959
960
961
962
993
994
995
996
997
998
999
1000
1001
1002
1033
1034
1035
1036
1037
1038
1039
1040
1041
1042
1073
1074
1075
1076
1077
1078
1079
1080
1081
1082
1113
1114
1115
1116
1117
1118
1119
1120
1121
1122
1153
1154
1155
1156
1157
1158
1159
1160
1161
1162
1193
1194
1195
1196
1197
1198
1199
1200
1201
1202
1233
1234
1235
1236
1237
1238
1239
1240
1241
1242
1273
1274
1275
1276
1277
1278
1279
1280
1281
1282
1313
1314
1315
1316
1317
1318
1319
1320
1321
1322
1353
1354
1355
1356
1357
1358
1359
1360
1361
1362
1393
1394
1395
1396
1397
1398
1399
1400
1401
1402
1433
1434
1435
1436
1437
1438
1439
1440
1441
1442
1473
1474
1475
1476
1477
1478
1479
1480
1481
1482
1513
1514
1515
1516
1517
1518
1519
1520
1521
1522
1553
1554
1555
1556
1557
1558
1559
1560
1561
1562
1593
1594
1595
1596
1597
1598
1599
1600
1601
1602
1633
1634
1635
1636
1637
1638
1639
1640
1641
1642
1676
1677
1678
1679
1680
1681
1682
1683
1684
1685
1716
1717
1718
1719
1720
1721
1722
1723
1724
1725
1756
1757
1758
1759
1760
1761
1762
1763
1764
1765
1796
1797
1798
1799
1800
1801
1802
1803
1804
1805
1836
1837
1838
1839
1840
1841
1842
1843
1844
1845
1876
1877
1878
1879
1880
1881
1882
1883
1884
1885
1916
1917
1918
1919
1920
1921
1922
1923
1924
1925
1956
1957
1958
1959
1960
1961
1962
1963
1964
1965
1996
1997
1998
1999
2000
2001
2002
2003
2004
2005
2036
2037
2038
2039
2040
2041
2042
2043
2044
2045
2076
2077
2078
2079
2080
2081
2082
2083
2084
2085
2116
2117
2118
2119
2120
2121
2122
2123
2124
2125
2156
2157
2158
2159
2160
2161
2162
2163
2164
2165
2196
2197
2198
2199
2200
2201
2202
2203
2204
2205
2236
2237
2238
2239
2240
2241
2242
2243
2244
2245
2276
2277
2278
2279
2280
2281
2282
2283
2284
2285
2316
2317
2318
2319
2320
2321
2322
2323
2324
2325
2356
2357
2358
2359
2360
2361
2362
2363
2364
2365
2396
2397
2398
2399
2400
2401
2402
2403
2404
2405
2436
2437
2438
2439
2440
2441
2442
2443
2444
2445
2476
2477
2478
2479
2480
2481
2482
2483
2484
2485
2509
2510
2511
2512
2513
2514
2515
2516
2517
2518
2549
2550
2551
2552
2553
2554
2555
2556
2557
2558
2589
2590
2591
2592
2593
2594
2595
2596
2597
2598
2629
2630
2631
2632
2633
2634
2635
2636
2637
2638
2669
2670
2671
2672
2673
2674
2675
2676
2677
2678
2709
2710
2711
2712
2713
2714
2715
2716
2717
2718
2749
2750
2751
2752
2753
2754
2755
2756
2757
2758
2789
2790
2791
2792
2793
2794
2795
2796
2797
2798
2829
2830
2831
2832
2833
2834
2835
2836
2837
2838
2869
2870
2871
2872
2873
2874
2875
2876
2877
2878
2909
2910
2911
2912
2913
2914
2915
2916
2917
2918
2949
2950
2951
2952
2953
2954
2955
2956
2957
2958
2989
2990
2991
2992
2993
2994
2995
2996
2997
2998
3029
3030
3031
3032
3033
3034
3035
3036
3037
3038
3069
3070
3071
3072
3073
3074
3075
3076
3077
3078
3109
3110
3111
3112
3113
3114
3115
3116
3117
3118
3149
3150
3151
3152
3153
3154
3155
3156
3157
3158
3189
3190
3191
3192
3193
3194
3195
3196
3197
3198
3229
3230
3231
3232
3233
3234
3235
3236
3237
3238
3269
3270
3271
3272
3273
3274
3275
3276
3277
3278
3309
3310
3311
3312
3313
3314
3315
3316
3317
3318
3362
3363
3364
3365
3366
3367
3368
3369
3370
3371
3402
3403
3404
3405
3406
3407
3408
3409
3410
3411
3442
3443
3444
3445
3446
3447
3448
3449
3450
3451
3482
3483
3484
3485
3486
3487
3488
3489
3490
3491
3522
3523
3524
3525
3526
3527
3528
3529
3530
3531
3562
3563
3564
3565
3566
3567
3568
3569
3570
3571
3602
3603
3604
3605
3606
3607
3608
3609
3610
3611
3642
3643
3644
3645
3646
3647
3648
3649
3650
3651
3682
3683
3684
3685
3686
3687
3688
3689
3690
3691
3722
3723
3724
3725
3726
3727
3728
3729
3730
3731
3762
3763
3764
3765
3766
3767
3768
3769
3770
3771
3802
3803
3804
3805
3806
3807
3808
3809
3810
3811
3842
3843
3844
3845
3846
3847
3848
3849
3850
3851
3882
3883
3884
3885
3886
3887
3888
3889
3890
3891
3922
3923
3924
3925
3926
3927
3928
3929
3930
3931
3962
3963
3964
3965
3966
3967
3968
3969
3970
3971
4002
4003
4004
4005
4006
4007
4008
4009
4010
4011
4042
4043
4044
4045
4046
4047
4048
4049
4050
4051
4082
4083
4084
4085
4086
4087
4088
4089
4090
4091
4122
4123
4124
4125
4126
4127
4128
4129
4130
4131
4162
4163
4164
4165
4166
4167
4168
4169
4170
4171
4172
4173
4174
4205
4206
4207
4208
4209
4210
4211
4212
4213
4214
4245
4246
4247
4248
4249
4250
4251
4252
4253
4254
4285
4286
4287
4288
4289
4290
4291
4292
4293
4294
4325
4326
4327
4328
4329
4330
4331
4332
4333
4334
4365
4366
4367
4368
4369
4370
4371
4372
4373
4374
4405
4406
4407
4408
4409
4410
4411
4412
4413
4414
4445
4446
4447
4448
4449
4450
4451
4452
4453
4454
4485
4486
4487
4488
4489
4490
4491
4492
4493
4494
4525
4526
4527
4528
4529
4530
4531
4532
4533
4534
4565
4566
4567
4568
4569
4570
4571
4572
4573
4574
4605
4606
4607
4608
4609
4610
4611
4612
4613
4614
4645
4646
4647
4648
4649
4650
4651
4652
4653
4654
4685
4686
4687
4688
4689
4690
4691
4692
4693
4694
4725
4726
4727
4728
4729
4730
4731
4732
4733
4734
4765
4766
4767
4768
4769
4770
4771
4772
4773
4774
4805
4806
4807
4808
4809
4810
4811
4812
4813
4814
4845
4846
4847
4848
4849
4850
4851
4852
4853
4854
4885
4886
4887
4888
4889
4890
4891
4892
4893
4894
4925
4926
4927
4928
4929
4930
4931
4932
4933
4934
4965
4966
4967
4968
4969
4970
4971
4972
4973
4974
